329 925
330 925
330 926
330 926
331 926
331 927
331 927
332 927
332 928
332 928
333 928
334 928
334 929
334 930
334 931
334 931
334 931
334 932
334 932
335 932
336 932
337 932
337 933
337 933
338 933
338 934
338 935
338 936
338 936
339 936
339 937
339 937
339 937
339 937
338 937
338 937
337 937
337 938
337 939
337 940
337 940
336 940
336 941
336 942
336 942
335 942
335 943
335 943
334 943
334 943
333 943
332 943
332 943
331 943
331 944
331 944
330 944
329 944
329 944
328 944
327 944
327 943
327 943
326 943
325 943
324 943
324 942
324 942
324 942
324 942
323 942
322 942
322 941
322 940
322 939
322 939
321 939
320 939
320 938
320 937
320 937
320 936
320 936
319 936
319 935
319 935
319 934
319 933
319 932
319 932
319 932
319 931
319 931
319 930
319 929
319 928
319 927
319 927
320 927
321 927
321 928
321 929
321 929
322 929
322 929
323 929
324 929
324 930
324 931
324 931
325 931
325 930
325 929
325 928
325 928
326 928
327 928
327 927
327 927
328 927
328 926
328 925
328 925
329 925
329 925
329 925
