155 479
155 479
154 479
153 479
152 479
151 479
150 479
150 479
150 479
150 479
149 479
148 479
147 479
146 479
146 479
145 479
145 479
145 479
144 479
143 479
142 479
141 479
141 479
140 479
140 479
140 479
140 479
140 480
140 480
139 480
139 481
139 482
139 483
139 483
138 483
137 483
137 483
136 483
136 484
136 484
135 484
135 483
135 483
134 483
133 483
132 483
132 483
132 482
132 481
132 480
132 480
131 480
131 479
131 479
131 479
131 479
130 479
130 479
129 479
128 479
127 479
126 479
126 479
126 479
126 479
125 479
124 479
123 479
122 479
122 479
123 479
124 479
124 480
124 481
124 481
124 482
124 482
125 482
125 483
125 484
125 484
125 485
125 486
125 486
125 487
125 488
125 488
125 489
125 489
125 490
125 490
125 491
125 492
125 493
125 493
125 494
125 494
125 495
125 495
124 495
124 496
124 497
124 497
124 498
124 499
124 499
125 499
125 500
125 500
126 500
126 501
126 501
127 501
128 501
128 501
129 501
129 501
130 501
131 501
131 502
131 502
132 502
132 503
132 503
133 503
133 504
133 504
134 504
134 505
134 506
134 506
135 506
136 506
136 506
137 506
138 506
138 507
138 507
139 507
139 508
139 509
139 509
139 510
139 510
140 510
140 511
140 511
141 511
142 511
142 512
142 512
143 512
144 512
144 513
144 514
144 514
144 515
144 516
144 516
144 517
144 517
144 518
144 519
144 519
144 520
144 521
144 521
144 522
144 522
144 523
144 524
144 524
144 525
144 525
145 525
145 526
145 526
146 526
147 526
147 527
147 527
148 527
148 528
148 529
148 529
147 529
147 530
147 531
147 531
146 531
145 531
145 532
145 533
145 533
145 534
145 534
145 534
145 534
145 535
145 536
145 537
145 538
145 538
145 539
145 539
145 539
145 540
145 540
146 540
147 540
148 540
148 541
148 542
148 542
148 543
148 544
148 544
149 544
149 545
149 545
149 546
149 547
149 548
149 548
149 549
149 549
150 549
150 549
150 550
150 551
150 551
151 551
152 551
152 552
152 552
152 553
152 554
152 554
152 555
152 556
152 556
152 556
153 556
153 557
153 558
153 559
153 559
153 560
153 560
154 560
155 560
155 561
155 562
155 562
156 562
156 563
156 563
157 563
157 564
157 564
157 565
157 565
156 565
156 566
156 567
156 567
156 568
156 569
156 569
156 570
156 570
155 570
155 571
155 571
154 571
154 572
154 572
154 573
154 574
154 574
154 575
154 575
153 575
153 576
153 577
153 577
153 578
153 579
153 579
154 579
154 580
154 580
155 580
155 581
155 582
155 583
155 583
155 583
155 584
155 584
156 584
156 584
157 584
157 585
157 586
157 587
157 587
157 588
157 589
157 589
158 589
158 590
158 590
159 590
160 590
160 591
160 592
160 592
161 592
161 592
162 592
162 593
162 594
162 594
161 594
161 595
161 595
160 595
160 596
160 597
160 598
160 598
160 599
160 599
160 599
161 599
161 600
161 601
161 602
161 602
162 602
162 603
162 603
162 604
162 605
162 605
161 605
160 605
160 606
160 607
160 608
160 608
160 608
160 609
160 609
160 610
160 611
160 612
160 613
160 613
160 613
160 613
160 613
159 613
158 613
157 613
157 614
157 615
157 616
157 616
156 616
156 617
156 618
156 618
155 618
155 619
155 619
155 619
154 619
153 619
153 620
153 621
153 621
152 621
151 621
151 622
151 623
151 623
151 624
151 624
150 624
150 625
150 625
149 625
148 625
148 626
148 626
147 626
146 626
146 627
146 628
146 628
145 628
145 628
145 628
145 628
145 629
145 629
144 629
144 630
144 631
144 632
144 632
144 633
144 633
144 634
144 634
144 635
144 636
144 637
144 637
145 637
145 638
145 638
145 639
145 639
145 639
146 639
147 639
147 640
147 640
148 640
148 641
148 641
149 641
150 641
150 642
150 643
150 643
150 643
151 643
151 643
152 643
153 643
153 644
153 645
153 646
153 646
153 646
153 647
153 648
153 648
154 648
154 649
154 649
155 649
155 650
155 651
155 652
155 652
155 653
155 653
156 653
156 653
157 653
158 653
158 654
158 655
158 655
159 655
159 656
159 657
159 657
159 658
159 658
159 659
159 659
159 660
159 661
159 662
159 663
159 663
160 663
160 663
160 663
160 664
160 664
161 664
162 664
162 665
162 666
162 666
162 667
162 668
162 668
163 668
163 669
163 669
164 669
165 669
165 670
165 670
166 670
166 671
166 671
167 671
167 672
167 673
167 673
168 673
168 674
168 675
168 675
169 675
169 676
169 676
170 676
171 676
171 677
171 677
171 678
171 678
171 679
171 680
171 680
171 681
171 681
172 681
172 682
172 683
172 683
172 684
172 685
172 685
173 685
174 685
174 686
174 687
174 688
174 688
174 688
175 688
175 688
176 688
177 688
178 688
178 689
178 689
179 689
179 689
180 689
181 689
181 690
181 691
181 691
182 691
183 691
183 692
183 693
183 693
183 694
183 694
184 694
184 694
185 694
186 694
186 695
186 696
186 696
187 696
187 696
188 696
189 696
189 697
189 697
190 697
190 697
191 697
192 697
193 697
193 697
194 697
194 697
194 697
195 697
196 697
197 697
198 697
198 697
198 697
199 697
199 697
200 697
200 698
200 698
201 698
201 699
201 700
201 700
201 701
201 701
202 701
202 701
203 701
203 702
203 702
203 703
203 703
204 703
204 703
204 704
204 704
205 704
205 705
205 706
205 706
206 706
207 706
208 706
208 707
208 708
208 708
208 708
208 708
208 709
208 710
208 711
208 712
208 712
208 713
208 713
209 713
209 714
209 714
210 714
210 715
210 716
210 716
211 716
211 717
211 718
211 718
211 719
211 720
211 720
211 721
211 721
211 722
211 723
211 723
212 723
212 723
212 724
212 725
212 726
212 727
212 727
213 727
213 728
213 728
213 728
213 729
213 729
214 729
215 729
215 729
216 729
216 730
216 730
216 731
216 731
217 731
217 732
217 733
217 733
217 733
217 734
217 735
217 736
217 737
217 737
217 738
217 738
217 738
218 738
218 739
218 740
218 741
218 742
218 743
218 743
218 743
218 743
217 743
217 744
217 745
217 746
217 747
217 747
217 748
217 748
217 748
217 749
217 750
217 751
217 752
217 752
217 753
217 753
217 753
217 754
217 755
217 756
217 756
216 756
216 757
216 758
216 758
216 759
216 760
216 760
216 760
215 760
215 761
215 762
215 763
215 763
216 763
216 764
216 765
216 765
216 765
216 766
216 767
216 768
216 768
217 768
217 769
217 769
218 769
218 770
218 771
218 772
218 772
218 773
218 773
218 773
218 774
218 774
219 774
219 775
219 776
219 776
220 776
221 776
221 776
222 776
223 776
223 777
223 777
223 777
224 777
224 777
224 778
224 779
224 779
224 780
224 781
224 781
225 781
225 782
225 782
226 782
226 783
226 783
227 783
227 784
227 784
228 784
229 784
230 784
230 785
230 785
231 785
231 786
231 786
232 786
232 787
232 787
232 787
233 787
233 787
234 787
235 787
236 787
236 788
236 789
236 789
236 790
236 791
236 791
237 791
237 792
237 792
237 793
237 793
237 794
237 794
238 794
239 794
239 795
239 796
239 796
239 797
239 797
240 797
241 797
241 798
241 798
242 798
242 799
242 799
243 799
244 799
244 800
244 800
245 800
245 801
245 802
245 802
245 803
245 804
245 804
246 804
247 804
247 805
247 806
247 806
247 807
247 807
248 807
248 807
249 807
249 808
249 809
249 810
249 810
249 810
250 810
250 811
250 812
250 812
250 813
250 814
250 814
250 815
250 816
250 816
250 817
250 817
251 817
251 818
251 818
252 818
252 819
252 820
252 820
253 820
253 821
253 821
254 821
254 822
254 822
254 823
254 824
254 825
254 825
254 825
255 825
255 826
255 827
255 827
255 828
255 829
255 829
255 830
255 830
254 830
254 831
254 832
254 832
255 832
255 833
255 833
256 833
256 834
256 834
257 834
258 834
258 835
258 835
259 835
259 836
259 837
259 837
260 837
260 838
260 839
260 839
261 839
261 840
261 840
262 840
263 840
263 840
264 840
265 840
265 841
265 842
265 842
266 842
266 842
266 842
266 842
267 842
267 843
267 843
267 844
267 845
267 846
267 846
268 846
268 847
268 847
269 847
270 847
270 848
270 848
271 848
271 849
271 850
271 851
271 852
271 852
271 852
271 852
271 852
271 852
272 852
273 852
274 852
274 853
274 854
274 854
274 855
274 856
274 856
275 856
275 857
275 857
275 858
275 858
276 858
276 859
276 859
277 859
277 860
277 861
277 861
277 862
277 862
278 862
278 863
278 864
278 864
278 865
278 865
278 866
278 867
278 867
279 867
279 868
279 869
279 869
280 869
281 869
281 870
281 871
281 872
281 872
281 872
281 872
281 872
281 872
280 872
279 872
279 873
279 874
279 875
279 875
279 876
279 877
279 877
279 878
279 878
280 878
280 879
280 880
280 881
280 882
280 882
280 882
280 882
279 882
279 883
279 884
279 885
279 885
278 885
278 886
278 887
278 887
277 887
277 888
277 889
277 889
276 889
276 890
276 890
275 890
275 891
275 891
275 892
275 892
275 893
275 893
275 894
275 895
275 896
275 896
274 896
274 897
274 897
275 897
275 898
275 898
275 899
275 900
275 901
275 901
275 902
275 902
275 902
275 903
275 904
275 905
275 906
275 906
275 907
275 907
275 908
275 908
276 908
276 909
276 910
276 911
276 911
276 911
276 912
276 912
277 912
278 912
278 913
278 914
278 914
279 914
279 915
279 915
280 915
280 916
280 917
280 917
280 917
281 917
281 917
282 917
283 917
283 918
283 919
283 919
284 919
284 920
284 921
284 922
284 922
284 923
284 923
285 923
285 924
285 924
286 924
287 924
287 925
287 925
288 925
288 926
288 927
288 927
289 927
289 928
289 928
290 928
290 929
290 930
290 930
291 930
292 930
292 930
293 930
293 931
293 932
293 932
294 932
294 933
294 933
294 934
294 935
294 936
294 936
295 936
295 937
295 937
295 937
295 937
296 937
297 937
297 938
297 939
297 939
298 939
298 940
298 941
298 942
298 942
299 942
299 942
300 942
300 943
300 944
300 945
300 945
301 945
301 946
301 946
301 947
301 947
302 947
303 947
304 947
304 947
305 947
305 948
305 948
306 948
307 948
307 949
307 949
307 949
308 949
309 949
310 949
310 950
310 951
310 951
310 951
310 952
310 952
311 952
312 952
312 953
312 954
312 954
313 954
314 954
314 955
314 956
314 956
315 956
315 956
315 956
316 956
316 957
316 958
316 958
316 959
316 960
316 960
317 960
317 961
317 961
318 961
318 962
318 963
318 963
318 964
318 965
318 965
319 965
319 966
319 966
318 966
318 967
318 967
317 967
317 968
317 969
317 970
317 970
317 971
317 971
318 971
318 972
318 973
318 973
318 974
318 975
318 975
318 976
318 976
318 977
318 978
318 978
318 979
318 980
318 981
318 981
317 981
317 981
317 982
317 983
317 983
317 984
317 984
317 985
317 986
317 986
317 987
317 988
317 989
317 989
317 989
316 989
316 990
316 991
316 991
317 991
318 991
318 992
318 992
319 992
319 992
320 992
321 992
322 992
322 993
322 994
322 994
323 994
324 994
324 995
324 996
324 996
324 996
325 996
325 996
325 997
325 997
325 998
325 999
325 1000
325 1000
325 1001
325 1001
326 1001
327 1001
327 1002
327 1003
327 1003
327 1004
327 1004
327 1005
327 1006
327 1006
328 1006
328 1007
328 1007
328 1008
328 1009
328 1010
328 1010
328 1011
328 1011
328 1012
328 1012
328 1013
328 1014
328 1015
328 1015
328 1016
328 1016
328 1017
328 1017
328 1018
328 1019
328 1020
328 1021
328 1021
328 1021
328 1021
329 1021
329 1022
329 1023
329 1024
329 1024
330 1024
330 1025
330 1025
330 1026
330 1026
330 1027
330 1027
329 1027
329 1027
328 1027
328 1028
328 1029
328 1030
328 1030
328 1031
328 1031
327 1031
327 1032
327 1032
328 1032
329 1032
329 1033
329 1034
329 1035
329 1036
329 1036
329 1036
329 1036
330 1036
330 1037
330 1037
331 1037
331 1038
331 1039
331 1039
332 1039
333 1039
333 1040
333 1041
333 1041
333 1041
334 1041
334 1042
334 1042
335 1042
335 1043
335 1044
335 1045
335 1045
335 1046
335 1046
336 1046
336 1047
336 1048
336 1048
337 1048
337 1049
337 1050
337 1050
338 1050
338 1051
338 1051
338 1051
338 1052
338 1052
339 1052
340 1052
340 1053
340 1054
340 1054
341 1054
342 1054
342 1055
342 1056
342 1056
343 1056
343 1057
343 1057
343 1058
343 1059
343 1060
343 1061
343 1061
343 1061
343 1061
342 1061
342 1062
342 1063
342 1064
342 1065
342 1065
342 1066
342 1066
342 1067
342 1067
342 1068
342 1069
342 1070
342 1070
342 1071
342 1071
343 1071
343 1071
343 1072
343 1072
344 1072
345 1072
345 1073
345 1074
345 1074
346 1074
346 1075
346 1076
346 1076
346 1077
346 1078
346 1078
346 1079
346 1079
346 1080
346 1081
346 1081
347 1081
347 1082
347 1082
348 1082
348 1083
348 1083
349 1083
350 1083
350 1084
350 1084
351 1084
352 1084
352 1085
352 1086
352 1086
352 1087
352 1087
353 1087
353 1088
353 1088
354 1088
354 1089
354 1090
354 1090
354 1091
354 1091
355 1091
356 1091
356 1092
356 1093
356 1093
356 1094
356 1094
357 1094
357 1095
357 1096
357 1096
357 1097
357 1097
358 1097
358 1098
358 1099
358 1099
359 1099
359 1099
360 1099
360 1100
360 1101
360 1101
360 1102
360 1103
360 1103
361 1103
362 1103
363 1103
363 1104
363 1105
363 1106
363 1106
363 1106
363 1106
364 1106
365 1106
366 1106
366 1107
366 1107
367 1107
367 1108
367 1109
367 1109
368 1109
368 1110
368 1110
369 1110
369 1111
369 1111
370 1111
370 1112
370 1113
370 1113
371 1113
372 1113
372 1114
372 1115
372 1115
372 1116
372 1116
372 1116
372 1116
373 1116
374 1116
374 1117
374 1118
374 1119
374 1119
375 1119
375 1120
375 1121
375 1121
376 1121
377 1121
377 1121
377 1121
378 1121
379 1121
379 1122
379 1122
380 1122
380 1123
380 1123
381 1123
382 1123
382 1124
382 1124
383 1124
383 1124
383 1125
383 1126
383 1126
384 1126
384 1127
384 1128
384 1128
384 1128
385 1128
385 1129
385 1130
385 1130
386 1130
386 1131
386 1132
386 1132
387 1132
387 1132
388 1132
388 1133
388 1134
388 1134
389 1134
389 1135
389 1135
389 1136
389 1137
389 1138
389 1138
389 1138
389 1139
389 1140
389 1140
389 1141
389 1142
389 1143
389 1143
389 1143
389 1144
389 1145
389 1145
389 1146
389 1147
389 1147
388 1147
388 1148
388 1149
388 1149
387 1149
387 1150
387 1150
388 1150
388 1151
388 1151
388 1152
388 1153
388 1154
388 1154
389 1154
389 1155
389 1155
389 1156
389 1157
389 1157
389 1158
389 1158
389 1159
389 1160
389 1160
389 1161
389 1162
389 1162
388 1162
388 1163
388 1164
388 1164
388 1165
388 1165
388 1166
388 1167
388 1167
387 1167
387 1168
387 1169
387 1169
386 1169
386 1170
386 1170
386 1170
387 1170
387 1170
387 1171
387 1171
388 1171
389 1171
389 1172
389 1173
389 1173
389 1174
389 1175
389 1175
390 1175
390 1176
390 1177
390 1177
391 1177
391 1178
391 1179
391 1179
391 1180
391 1180
391 1181
391 1181
391 1182
391 1183
391 1184
391 1185
391 1185
391 1185
391 1185
392 1185
392 1186
392 1187
392 1187
393 1187
393 1188
393 1188
394 1188
395 1188
395 1189
395 1189
396 1189
396 1190
396 1190
397 1190
397 1190
397 1190
397 1191
397 1191
397 1192
397 1193
397 1194
397 1195
397 1195
397 1195
398 1195
399 1195
400 1195
400 1196
400 1196
401 1196
401 1197
401 1197
402 1197
402 1198
402 1199
402 1199
403 1199
403 1200
403 1200
404 1200
404 1201
404 1202
404 1202
405 1202
406 1202
406 1203
406 1203
407 1203
407 1204
407 1204
408 1204
408 1205
408 1205
409 1205
410 1205
410 1206
410 1206
411 1206
411 1207
411 1207
412 1207
413 1207
413 1208
413 1208
414 1208
415 1208
415 1209
415 1210
415 1210
415 1210
416 1210
416 1211
416 1211
417 1211
417 1212
417 1212
418 1212
418 1212
419 1212
420 1212
421 1212
421 1213
421 1214
421 1215
421 1215
421 1215
421 1215
422 1215
423 1215
423 1216
423 1217
423 1217
424 1217
424 1218
424 1219
424 1219
425 1219
425 1220
425 1220
425 1220
425 1221
425 1222
425 1223
425 1223
426 1223
426 1224
426 1225
426 1225
426 1225
426 1225
427 1225
427 1226
427 1227
427 1228
427 1228
427 1229
427 1230
427 1230
428 1230
428 1231
428 1232
428 1232
428 1233
428 1233
429 1233
429 1234
429 1235
429 1235
430 1235
430 1235
430 1236
430 1236
431 1236
432 1236
432 1237
432 1238
432 1238
432 1239
432 1240
432 1240
433 1240
433 1241
433 1242
433 1242
434 1242
434 1243
434 1243
434 1244
434 1245
434 1245
434 1246
434 1246
435 1246
435 1247
435 1247
436 1247
436 1248
436 1249
436 1249
437 1249
437 1250
437 1250
438 1250
438 1251
438 1252
438 1252
439 1252
440 1252
440 1253
440 1254
440 1254
440 1254
441 1254
441 1255
441 1255
441 1256
441 1256
442 1256
442 1257
442 1258
442 1258
443 1258
443 1259
443 1260
443 1260
444 1260
444 1261
444 1261
445 1261
445 1262
445 1263
445 1263
445 1264
445 1264
445 1265
445 1265
445 1265
445 1266
445 1267
445 1268
445 1269
445 1269
445 1270
445 1270
445 1270
445 1270
444 1270
444 1271
444 1272
444 1273
444 1274
444 1274
444 1275
444 1275
444 1275
445 1275
445 1276
445 1276
446 1276
447 1276
447 1277
447 1278
447 1278
448 1278
448 1279
448 1280
448 1280
448 1281
448 1281
449 1281
450 1281
450 1282
450 1282
451 1282
451 1283
451 1283
452 1283
452 1284
452 1285
452 1285
452 1286
452 1287
452 1287
453 1287
453 1288
453 1288
453 1289
453 1290
453 1290
454 1290
454 1290
454 1291
454 1291
455 1291
456 1291
456 1292
456 1293
456 1293
457 1293
457 1294
457 1295
457 1295
457 1296
457 1296
457 1297
457 1298
457 1298
457 1299
457 1300
457 1300
458 1300
458 1300
459 1300
459 1301
459 1301
460 1301
461 1301
461 1302
461 1302
462 1302
462 1303
462 1304
462 1305
462 1305
463 1305
463 1305
464 1305
464 1306
464 1307
464 1307
465 1307
466 1307
466 1308
466 1308
466 1309
466 1309
467 1309
467 1310
467 1311
467 1312
467 1312
467 1313
467 1313
467 1314
467 1314
468 1314
468 1315
468 1315
469 1315
469 1316
469 1317
469 1318
469 1318
469 1319
469 1319
470 1319
470 1319
471 1319
471 1320
471 1321
471 1321
471 1322
471 1322
472 1322
472 1323
472 1324
472 1324
472 1325
472 1326
472 1326
472 1327
472 1327
472 1328
472 1329
472 1329
471 1329
471 1330
471 1331
471 1332
471 1332
471 1332
471 1333
471 1334
471 1334
472 1334
472 1335
472 1336
472 1336
472 1337
472 1337
472 1338
472 1339
472 1339
472 1340
472 1341
472 1341
472 1342
472 1343
472 1343
472 1344
472 1344
472 1345
472 1346
472 1346
473 1346
473 1347
473 1348
473 1348
473 1349
473 1349
472 1349
472 1350
472 1351
472 1351
473 1351
473 1352
473 1353
473 1353
472 1353
472 1354
472 1354
473 1354
473 1355
473 1355
473 1356
473 1357
473 1358
473 1358
473 1359
473 1359
473 1360
473 1360
474 1360
474 1361
474 1361
475 1361
475 1362
475 1363
475 1363
475 1364
475 1364
475 1365
475 1366
475 1366
475 1367
475 1368
475 1368
475 1369
475 1369
475 1370
475 1370
474 1370
474 1371
474 1372
474 1373
474 1374
474 1374
474 1374
474 1375
474 1375
475 1375
476 1375
476 1376
476 1377
476 1377
477 1377
477 1378
477 1379
477 1379
478 1379
478 1380
478 1380
479 1380
479 1381
479 1381
480 1381
480 1382
480 1382
481 1382
481 1383
481 1384
481 1384
482 1384
482 1385
482 1386
482 1386
483 1386
483 1387
483 1388
483 1388
484 1388
484 1388
485 1388
486 1388
486 1389
486 1389
486 1390
486 1391
486 1391
486 1392
486 1392
487 1392
487 1393
487 1394
487 1394
487 1395
487 1395
488 1395
488 1396
488 1396
489 1396
490 1396
490 1396
490 1395
490 1394
490 1394
490 1393
490 1392
490 1392
490 1391
490 1391
490 1390
490 1389
490 1389
491 1389
491 1388
491 1387
491 1387
492 1387
493 1387
493 1386
493 1385
493 1384
493 1384
493 1384
493 1384
493 1384
494 1384
495 1384
495 1383
495 1382
495 1381
495 1381
495 1380
495 1379
495 1379
495 1378
495 1377
495 1377
495 1376
495 1376
495 1375
495 1374
495 1374
495 1373
495 1372
495 1372
495 1371
495 1371
494 1371
494 1370
494 1369
494 1369
495 1369
495 1368
495 1367
495 1367
495 1366
495 1366
495 1365
495 1364
495 1364
495 1363
495 1362
495 1362
495 1361
495 1361
495 1360
495 1359
495 1359
496 1359
496 1358
496 1357
496 1357
497 1357
498 1357
498 1356
498 1355
498 1354
498 1354
498 1354
498 1354
498 1354
499 1354
499 1353
499 1352
499 1351
499 1351
499 1350
499 1349
499 1349
499 1348
499 1348
499 1347
499 1346
499 1345
499 1345
499 1344
499 1344
498 1344
498 1344
498 1343
498 1342
498 1342
497 1342
497 1341
497 1340
497 1340
497 1339
497 1339
497 1338
497 1338
497 1337
497 1336
497 1335
497 1335
497 1334
497 1334
496 1334
496 1333
496 1333
496 1332
496 1332
495 1332
495 1331
495 1330
495 1329
495 1329
495 1328
495 1328
494 1328
494 1327
494 1326
494 1326
494 1325
494 1324
494 1324
494 1323
494 1323
493 1323
493 1322
493 1321
493 1320
493 1320
493 1320
493 1319
493 1319
493 1319
492 1319
492 1318
492 1317
492 1316
492 1315
492 1315
492 1314
492 1314
492 1313
492 1313
492 1312
492 1311
492 1311
492 1310
492 1309
492 1309
491 1309
491 1308
491 1307
491 1307
491 1307
490 1307
490 1306
490 1305
490 1305
491 1305
491 1304
491 1303
491 1302
491 1302
491 1301
491 1301
492 1301
492 1300
492 1300
492 1299
492 1299
492 1298
492 1297
492 1296
492 1295
492 1295
492 1295
492 1294
492 1294
491 1294
491 1293
491 1292
491 1291
491 1291
491 1290
491 1290
490 1290
490 1289
490 1288
490 1287
490 1287
490 1287
490 1286
490 1285
490 1285
490 1284
490 1283
490 1282
490 1282
490 1282
491 1282
491 1281
491 1280
491 1280
490 1280
490 1279
490 1278
490 1277
490 1277
490 1277
490 1276
490 1275
490 1275
490 1274
490 1273
490 1273
490 1272
490 1272
490 1271
490 1270
490 1270
490 1269
490 1268
490 1268
490 1267
490 1266
490 1266
490 1265
490 1265
490 1264
490 1263
490 1263
490 1262
490 1262
490 1261
490 1260
490 1260
490 1259
490 1258
490 1258
489 1258
488 1258
488 1257
488 1256
488 1255
488 1255
488 1255
488 1255
488 1254
488 1254
487 1254
487 1253
487 1252
487 1251
487 1251
487 1250
487 1250
487 1249
487 1249
487 1248
487 1247
487 1246
487 1246
487 1245
487 1245
486 1245
485 1245
485 1244
485 1243
485 1243
484 1243
483 1243
483 1242
483 1242
482 1242
482 1241
482 1241
481 1241
481 1240
481 1240
480 1240
480 1239
480 1239
479 1239
479 1238
479 1237
479 1237
478 1237
477 1237
477 1236
477 1236
477 1235
477 1235
476 1235
476 1234
476 1233
476 1233
476 1232
476 1232
475 1232
475 1231
475 1230
475 1230
475 1229
475 1229
474 1229
474 1228
474 1228
473 1228
472 1228
472 1227
472 1226
472 1226
472 1225
472 1225
471 1225
471 1224
471 1223
471 1222
471 1222
471 1222
471 1221
471 1220
471 1220
470 1220
470 1219
470 1219
470 1218
470 1217
470 1216
470 1216
470 1215
470 1215
470 1214
470 1214
469 1214
469 1213
469 1212
469 1212
468 1212
467 1212
467 1212
466 1212
466 1211
466 1210
466 1210
465 1210
465 1209
465 1209
464 1209
464 1208
464 1207
464 1206
464 1206
464 1205
464 1205
464 1205
463 1205
463 1204
463 1204
462 1204
462 1203
462 1202
462 1202
462 1201
462 1200
462 1200
462 1199
462 1199
463 1199
463 1198
463 1197
463 1196
463 1196
463 1195
463 1195
463 1195
463 1194
463 1193
463 1192
463 1191
463 1191
463 1190
463 1190
464 1190
464 1190
464 1189
464 1188
464 1188
465 1188
465 1187
465 1186
465 1186
465 1185
465 1185
466 1185
466 1184
466 1184
466 1183
466 1182
466 1182
467 1182
467 1181
467 1180
467 1180
467 1179
467 1178
467 1178
468 1178
468 1177
468 1176
468 1176
468 1175
468 1175
468 1174
468 1174
467 1174
467 1173
467 1172
467 1172
467 1171
467 1170
467 1170
466 1170
466 1169
466 1168
466 1168
466 1167
466 1167
465 1167
465 1166
465 1165
465 1165
465 1164
465 1164
465 1163
465 1162
465 1161
465 1161
465 1160
465 1160
465 1159
465 1159
466 1159
466 1158
466 1157
466 1157
466 1156
466 1155
466 1155
465 1155
465 1154
465 1154
464 1154
464 1153
464 1153
463 1153
463 1152
463 1151
463 1151
463 1150
463 1150
462 1150
462 1149
462 1148
462 1148
462 1148
461 1148
460 1148
460 1147
460 1146
460 1145
460 1145
460 1145
459 1145
459 1144
459 1144
459 1145
459 1145
458 1145
458 1146
458 1146
457 1146
457 1147
457 1148
457 1148
457 1149
457 1150
457 1150
456 1150
456 1151
456 1152
456 1152
455 1152
454 1152
454 1153
454 1153
453 1153
453 1154
453 1154
452 1154
452 1155
452 1155
452 1156
452 1157
452 1157
451 1157
451 1158
451 1158
451 1159
451 1160
451 1160
451 1161
451 1161
450 1161
450 1162
450 1162
449 1162
448 1162
448 1162
447 1162
447 1162
446 1162
445 1162
445 1162
444 1162
443 1162
443 1163
443 1163
442 1163
441 1163
441 1164
441 1165
441 1165
441 1166
441 1166
440 1166
440 1167
440 1167
439 1167
438 1167
438 1167
437 1167
437 1167
436 1167
435 1167
435 1167
434 1167
434 1166
434 1166
434 1165
434 1165
434 1164
434 1164
434 1163
434 1162
434 1162
434 1161
434 1160
434 1160
433 1160
432 1160
432 1159
432 1158
432 1158
431 1158
430 1158
430 1157
430 1157
429 1157
429 1156
429 1156
429 1155
429 1155
429 1154
429 1154
429 1153
429 1152
429 1152
429 1151
429 1150
429 1150
429 1149
429 1149
429 1148
429 1147
429 1147
429 1146
429 1145
429 1145
429 1144
429 1144
429 1143
429 1142
429 1142
429 1141
429 1140
429 1140
429 1140
430 1140
430 1139
430 1139
431 1139
432 1139
432 1139
433 1139
434 1139
434 1139
435 1139
435 1139
436 1139
437 1139
437 1139
438 1139
438 1139
439 1139
440 1139
440 1138
440 1138
441 1138
442 1138
442 1138
442 1138
443 1138
444 1138
445 1138
445 1138
446 1138
446 1137
446 1137
447 1137
448 1137
448 1137
449 1137
450 1137
450 1136
450 1136
451 1136
451 1137
451 1137
452 1137
453 1137
454 1137
454 1136
454 1135
454 1135
453 1135
453 1134
453 1134
452 1134
452 1133
452 1133
452 1132
452 1131
452 1130
452 1130
451 1130
451 1129
451 1129
450 1129
450 1128
450 1127
450 1126
450 1126
450 1126
450 1125
450 1125
450 1124
450 1123
450 1122
450 1121
450 1121
450 1121
451 1121
451 1120
451 1119
451 1119
451 1118
451 1117
451 1117
452 1117
452 1116
452 1116
453 1116
453 1115
453 1114
453 1114
454 1114
454 1113
454 1112
454 1111
454 1111
454 1111
454 1111
453 1111
452 1111
452 1110
452 1109
452 1108
452 1108
452 1107
452 1106
452 1106
451 1106
451 1105
451 1105
450 1105
450 1104
450 1103
450 1102
450 1102
449 1102
449 1101
449 1101
449 1101
448 1101
448 1100
448 1099
448 1099
448 1098
448 1098
447 1098
447 1097
447 1096
447 1096
447 1095
447 1094
447 1093
447 1093
447 1093
447 1092
447 1091
447 1091
446 1091
446 1090
446 1089
446 1089
445 1089
445 1088
445 1087
445 1086
445 1086
445 1086
445 1085
445 1085
445 1084
445 1083
445 1082
445 1081
445 1081
445 1081
444 1081
444 1081
444 1080
444 1080
443 1080
443 1079
443 1078
443 1078
442 1078
441 1078
441 1077
441 1076
441 1076
442 1076
443 1076
443 1075
443 1074
443 1074
444 1074
445 1074
445 1073
445 1073
445 1072
445 1071
445 1071
445 1071
445 1071
445 1070
445 1070
444 1070
443 1070
443 1069
443 1069
442 1069
442 1069
442 1068
442 1068
441 1068
441 1067
441 1066
441 1066
440 1066
440 1065
440 1065
441 1065
441 1064
441 1063
441 1062
441 1062
440 1062
440 1061
440 1061
440 1061
440 1060
440 1060
439 1060
438 1060
438 1059
438 1059
437 1059
437 1059
437 1058
437 1058
436 1058
436 1057
436 1056
436 1056
436 1055
436 1055
435 1055
435 1055
434 1055
434 1055
433 1055
432 1055
431 1055
431 1055
430 1055
430 1055
429 1055
428 1055
428 1054
428 1053
428 1053
427 1053
427 1052
427 1051
427 1051
427 1050
427 1049
427 1049
426 1049
425 1049
425 1048
425 1047
425 1047
425 1047
424 1047
424 1046
424 1046
423 1046
422 1046
422 1045
422 1044
422 1044
421 1044
421 1043
421 1043
420 1043
419 1043
419 1042
419 1042
418 1042
418 1041
418 1041
418 1040
418 1039
418 1039
417 1039
417 1038
417 1038
417 1037
417 1036
417 1036
416 1036
416 1035
416 1035
416 1034
416 1034
415 1034
414 1034
414 1034
415 1034
415 1035
415 1036
415 1036
414 1036
413 1036
412 1036
412 1037
412 1038
412 1038
411 1038
411 1037
411 1037
410 1037
409 1037
409 1038
409 1038
408 1038
407 1038
407 1037
407 1037
406 1037
406 1038
406 1039
406 1039
405 1039
405 1040
405 1040
404 1040
403 1040
402 1040
402 1041
402 1041
401 1041
401 1041
401 1041
400 1041
400 1041
399 1041
398 1041
397 1041
397 1042
397 1042
396 1042
396 1042
396 1042
395 1042
394 1042
393 1042
393 1041
393 1041
392 1041
392 1041
392 1041
391 1041
391 1041
390 1041
389 1041
388 1041
388 1040
388 1040
387 1040
387 1039
387 1039
386 1039
385 1039
385 1038
385 1038
384 1038
384 1037
384 1036
384 1036
383 1036
383 1035
383 1035
382 1035
382 1034
382 1033
382 1032
382 1031
382 1031
382 1031
382 1031
382 1030
382 1029
382 1028
382 1027
382 1026
382 1026
382 1026
382 1026
382 1025
382 1024
382 1023
382 1022
382 1021
382 1021
382 1021
383 1021
384 1021
385 1021
386 1021
386 1020
386 1020
387 1020
387 1020
388 1020
388 1020
389 1020
390 1020
390 1020
391 1020
392 1020
392 1020
393 1020
393 1019
393 1019
394 1019
395 1019
395 1019
396 1019
396 1019
397 1019
398 1019
398 1020
398 1020
398 1021
398 1021
399 1021
399 1022
399 1023
399 1023
400 1023
401 1023
401 1024
401 1025
401 1025
402 1025
403 1025
403 1025
404 1025
405 1025
405 1025
406 1025
406 1025
407 1025
407 1025
408 1025
409 1025
409 1026
409 1026
408 1026
408 1027
408 1028
408 1028
408 1029
408 1029
408 1030
408 1031
408 1031
409 1031
409 1032
409 1033
409 1033
410 1033
411 1033
411 1033
412 1033
413 1033
413 1033
414 1033
414 1032
414 1031
414 1031
414 1030
414 1029
414 1029
414 1028
414 1028
413 1028
413 1027
413 1026
413 1026
413 1025
413 1024
413 1024
413 1024
413 1023
413 1022
413 1021
413 1021
413 1020
413 1019
413 1019
413 1019
413 1018
413 1017
413 1016
413 1016
413 1015
413 1014
413 1014
413 1013
413 1013
413 1012
413 1011
413 1011
413 1010
413 1009
413 1009
412 1009
412 1008
412 1007
412 1007
411 1007
411 1006
411 1006
411 1006
411 1005
411 1004
411 1004
410 1004
410 1003
410 1002
410 1002
409 1002
409 1001
409 1001
408 1001
407 1001
406 1001
406 1001
406 1001
406 1001
405 1001
404 1001
403 1001
402 1001
402 1000
402 1000
401 1000
401 1000
400 1000
400 1000
399 1000
398 1000
397 1000
397 1000
396 1000
396 1000
395 1000
394 1000
394 999
394 999
394 999
394 999
393 999
393 998
393 997
393 996
393 996
392 996
392 995
392 995
392 995
391 995
390 995
389 995
389 994
389 994
388 994
388 993
388 992
388 991
388 991
388 990
388 990
387 990
387 989
387 989
386 989
385 989
385 988
385 988
384 988
384 987
384 986
384 986
383 986
383 985
383 985
382 985
382 984
382 983
382 983
381 983
380 983
380 983
379 983
379 984
379 984
378 984
377 984
377 984
376 984
375 984
375 984
374 984
374 984
373 984
372 984
372 985
372 985
371 985
371 984
371 984
370 984
369 984
369 984
368 984
367 984
367 984
366 984
366 983
366 983
365 983
365 982
365 981
365 981
364 981
364 980
364 980
364 979
364 978
364 978
364 977
364 976
364 976
364 975
364 975
363 975
363 974
363 974
362 974
361 974
361 973
361 973
360 973
360 972
360 971
360 971
360 970
360 969
360 969
360 969
360 968
360 967
360 966
360 966
360 965
360 964
360 964
360 964
360 963
360 962
360 961
360 961
361 961
361 960
361 960
362 960
363 960
363 959
363 959
364 959
364 958
364 958
365 958
365 957
365 956
365 956
366 956
366 955
366 955
367 955
367 954
367 954
368 954
369 954
369 953
369 953
370 953
370 952
370 952
371 952
371 951
371 950
371 950
372 950
372 949
372 949
373 949
374 949
374 950
374 950
375 950
375 951
375 952
375 952
376 952
376 953
376 953
377 953
377 953
378 953
379 953
379 953
380 953
381 953
382 953
382 952
382 952
382 952
382 952
383 952
383 952
382 952
382 951
382 951
382 950
382 950
381 950
381 949
381 948
381 947
381 947
380 947
380 947
379 947
378 947
378 946
378 945
378 945
377 945
377 944
377 944
377 943
377 942
377 942
376 942
376 942
376 941
376 941
376 940
376 939
376 938
376 938
375 938
375 937
375 937
375 936
375 935
375 934
375 934
375 934
375 933
375 932
375 932
374 932
374 931
374 930
374 930
373 930
372 930
372 929
372 928
372 928
372 927
372 927
371 927
371 927
370 927
369 927
369 926
369 925
369 925
368 925
367 925
367 924
367 924
366 924
366 923
366 923
365 923
364 923
363 923
363 922
363 922
363 921
363 921
363 921
362 921
361 921
360 921
360 920
360 919
360 919
359 919
358 919
358 918
358 917
358 917
358 916
358 916
358 916
357 916
356 916
356 915
356 914
356 914
355 914
354 914
354 913
354 912
354 912
354 911
354 911
353 911
353 910
353 909
353 909
352 909
352 908
352 907
352 907
352 907
351 907
350 907
350 906
350 905
350 905
350 904
350 904
350 903
350 902
350 902
349 902
349 901
349 901
349 900
349 899
349 898
349 898
349 897
349 897
349 896
349 896
348 896
348 895
348 894
348 894
347 894
347 893
347 893
347 892
347 892
347 891
347 890
347 890
347 889
347 888
347 888
347 887
347 887
347 886
347 885
347 885
347 884
347 883
347 883
347 882
347 882
347 881
347 881
348 881
348 880
348 879
348 878
348 877
348 877
348 877
348 877
348 876
348 876
349 876
350 876
350 875
350 874
350 874
351 874
352 874
352 873
352 872
352 872
352 871
352 871
353 871
353 870
353 870
354 870
355 870
355 869
355 869
356 869
356 869
357 869
358 869
358 868
358 868
358 868
359 868
360 868
360 867
360 867
361 867
361 866
361 865
361 865
362 865
363 865
363 864
363 863
363 862
363 862
363 862
364 862
365 862
366 862
366 863
366 864
366 864
366 865
366 865
367 865
367 866
367 867
367 867
367 867
367 868
367 868
368 868
368 868
369 868
370 868
371 868
372 868
372 867
372 867
372 867
373 867
373 867
374 867
375 867
376 867
377 867
377 867
377 868
377 868
378 868
378 867
378 867
378 867
377 867
377 867
377 867
377 867
376 867
375 867
374 867
373 867
372 867
372 867
372 867
372 867
371 867
370 867
369 867
368 867
368 866
368 866
369 866
369 865
369 864
369 863
369 863
368 863
368 862
368 862
368 862
367 862
367 862
367 862
366 862
365 862
364 862
363 862
363 862
363 862
363 862
362 862
361 862
360 862
360 861
360 860
360 860
359 860
358 860
358 859
358 859
357 859
356 859
356 858
356 858
356 857
356 857
355 857
354 857
354 856
354 855
354 855
353 855
353 854
353 854
352 854
351 854
351 854
350 854
349 854
349 853
349 852
349 852
349 851
349 851
348 851
348 850
348 850
347 850
347 849
347 848
347 848
346 848
346 847
346 847
345 847
345 846
345 845
345 845
344 845
344 844
344 843
344 843
344 842
344 842
344 842
343 842
343 841
343 841
342 841
341 841
341 840
341 839
341 839
340 839
340 838
340 837
340 837
340 836
340 836
339 836
338 836
338 835
338 835
338 834
338 833
338 833
337 833
337 832
337 832
337 831
337 830
337 830
336 830
336 829
336 829
336 828
336 827
336 827
336 826
336 825
336 825
336 824
336 824
336 823
336 822
336 822
336 821
336 820
336 820
335 820
335 819
335 819
335 818
335 817
335 817
335 816
335 816
335 815
335 814
335 814
335 813
335 812
335 812
334 812
334 812
334 811
334 811
333 811
332 811
332 811
331 811
331 811
330 811
329 811
329 810
329 810
328 810
328 809
328 809
327 809
327 808
327 807
327 807
326 807
326 806
326 805
326 805
325 805
324 805
324 804
324 804
323 804
323 803
323 803
323 802
323 802
322 802
321 802
321 801
321 800
321 800
320 800
319 800
319 799
319 798
319 797
319 797
319 797
319 797
319 797
318 797
318 796
318 795
318 794
318 794
317 794
316 794
315 794
315 793
315 792
315 792
314 792
314 792
314 792
313 792
313 791
313 791
312 791
312 790
312 790
311 790
311 789
311 789
310 789
310 788
310 787
310 787
310 787
310 787
309 787
308 787
307 787
307 786
307 785
307 785
306 785
306 784
306 783
306 782
306 782
305 782
305 782
305 781
305 781
304 781
303 781
303 780
303 780
302 780
302 780
301 780
300 780
300 779
300 778
300 778
300 778
300 777
300 777
299 777
298 777
297 777
297 776
297 775
297 775
297 775
296 775
296 774
296 773
296 773
296 772
296 772
295 772
295 771
295 771
294 771
293 771
293 770
293 770
292 770
292 770
291 770
290 770
290 769
290 769
290 768
290 768
289 768
289 768
288 768
288 767
288 766
288 766
288 765
288 765
287 765
286 765
286 764
286 763
286 763
286 762
286 762
285 762
285 761
285 760
285 760
284 760
284 759
284 759
283 759
282 759
282 758
282 758
281 758
281 757
281 757
282 757
282 756
282 755
282 754
282 754
281 754
281 753
281 753
281 752
281 752
281 751
281 751
280 751
279 751
278 751
278 750
278 750
277 750
276 750
276 749
276 748
276 748
276 748
276 747
276 747
275 747
274 747
274 746
274 745
274 745
273 745
272 745
272 744
272 743
272 743
272 742
272 742
271 742
271 741
271 740
271 739
271 738
271 738
271 738
271 738
271 738
270 738
270 737
270 736
270 735
270 734
270 733
270 733
270 733
269 733
269 732
269 731
269 731
269 730
269 730
268 730
268 729
268 728
268 728
267 728
267 727
267 727
266 727
266 726
266 725
266 725
265 725
265 724
265 724
265 723
265 723
264 723
264 722
264 721
264 721
264 720
264 720
263 720
263 719
263 718
263 718
263 717
263 716
263 716
263 715
263 714
263 714
263 713
263 713
263 712
263 711
263 711
263 710
263 709
263 709
263 708
263 708
262 708
262 707
262 707
262 706
262 705
262 704
262 704
262 703
262 703
262 702
262 702
262 701
262 700
262 699
262 699
262 698
262 698
263 698
264 698
265 698
265 697
265 697
265 696
265 695
265 694
265 694
265 693
265 693
265 692
265 692
266 692
266 692
267 692
268 692
268 691
268 690
268 690
268 689
268 688
268 688
268 687
268 686
268 686
268 685
268 685
269 685
269 684
269 683
269 683
268 683
268 682
268 681
268 681
267 681
266 681
266 680
266 680
265 680
265 679
265 679
264 679
264 678
264 678
263 678
263 677
263 676
263 676
262 676
262 675
262 674
262 674
262 673
262 673
262 673
261 673
261 672
261 672
260 672
260 671
260 670
260 669
260 669
260 668
260 668
259 668
259 667
259 666
259 666
259 665
259 665
258 665
257 665
257 664
257 663
257 663
257 662
257 662
256 662
256 661
256 661
255 661
255 660
255 659
255 659
255 658
255 658
254 658
254 657
254 656
254 656
253 656
252 656
252 655
252 654
252 654
251 654
251 654
250 654
250 653
250 653
249 653
248 653
248 652
248 652
247 652
247 652
246 652
246 652
245 652
244 652
243 652
243 652
242 652
242 651
242 651
241 651
240 651
240 651
239 651
239 651
238 651
237 651
237 651
236 651
235 651
235 650
235 650
234 650
234 650
233 650
232 650
232 650
231 650
230 650
230 651
230 651
229 651
228 651
228 652
228 653
228 653
228 654
228 654
227 654
227 654
227 654
226 654
225 654
224 654
223 654
223 653
223 653
223 653
223 652
223 652
222 652
221 652
221 651
221 650
221 650
220 650
219 650
219 649
219 649
218 649
218 649
218 648
218 648
218 648
217 648
217 648
216 648
216 647
216 646
216 645
216 645
215 645
215 644
215 643
215 643
215 642
215 642
214 642
214 641
214 640
214 640
214 639
214 638
214 638
214 637
214 637
214 636
214 635
214 634
214 634
214 633
214 633
214 632
214 632
214 631
214 630
214 629
214 629
214 628
214 628
214 628
213 628
213 627
213 627
212 627
212 626
212 625
212 625
211 625
211 624
211 623
211 623
211 622
211 622
211 621
211 620
211 620
211 619
211 618
211 618
211 617
211 617
211 616
211 615
211 615
212 615
212 614
212 613
212 613
211 613
211 612
211 612
211 611
211 610
211 610
211 609
211 608
211 608
210 608
210 607
210 606
210 606
209 606
208 606
208 605
208 604
208 604
208 604
208 603
208 603
208 603
208 602
208 601
208 601
209 601
209 600
209 599
209 599
209 599
209 598
209 598
208 598
208 597
208 596
208 595
208 594
208 594
208 594
208 593
208 593
208 592
208 592
207 592
207 591
207 590
207 589
207 589
207 589
206 589
205 589
205 588
205 587
205 587
204 587
203 587
203 586
203 586
202 586
202 585
202 585
201 585
201 584
201 584
201 583
201 582
201 581
201 581
201 581
201 580
201 579
201 579
200 579
199 579
199 578
199 578
198 578
198 577
198 577
197 577
197 576
197 575
197 575
196 575
195 575
195 574
195 574
195 573
195 573
194 573
194 572
194 571
194 570
194 570
193 570
193 569
193 569
193 569
193 568
193 568
192 568
192 567
192 566
192 565
192 565
191 565
191 564
191 564
190 564
190 563
190 563
189 563
189 562
189 562
188 562
187 562
187 561
187 561
186 561
185 561
185 560
185 559
185 559
184 559
184 558
184 558
184 557
184 557
183 557
182 557
182 556
182 555
182 555
181 555
180 555
180 555
179 555
179 554
179 554
179 554
179 554
178 554
178 553
178 553
177 553
177 552
177 551
177 551
176 551
176 550
176 549
176 549
176 548
176 547
176 547
175 547
174 547
174 546
174 545
174 545
174 544
174 544
174 544
173 544
173 543
173 542
173 542
172 542
172 541
172 541
171 541
171 540
171 539
171 539
170 539
170 538
170 538
169 538
169 537
169 537
168 537
168 536
168 535
168 535
167 535
167 534
167 534
166 534
166 533
166 532
166 532
165 532
165 531
165 531
164 531
164 530
164 530
164 529
164 529
163 529
163 528
163 527
163 527
163 526
163 526
162 526
161 526
161 525
161 524
161 524
161 523
161 522
161 522
160 522
160 521
160 520
160 519
160 519
160 519
160 519
160 519
159 519
159 518
159 517
159 516
159 515
159 515
158 515
158 514
158 514
158 513
158 512
158 512
158 511
158 511
158 510
158 509
158 509
159 509
159 508
159 508
160 508
160 507
160 507
160 506
160 505
160 505
160 504
160 504
160 504
160 503
160 502
160 501
160 500
160 500
160 499
160 499
160 499
160 498
160 498
159 498
158 498
158 497
158 496
158 496
157 496
157 495
157 494
157 494
157 493
157 492
157 492
157 491
157 491
157 490
157 489
157 489
157 488
157 487
157 487
157 486
157 486
157 485
157 484
157 484
157 483
157 483
156 483
156 482
156 481
156 480
156 480
156 479
156 479
155 479
155 479
155 479
155 479
