34 2
34 2
33 2
32 2
31 2
31 1
31 0
31 0
30 0
29 0
29 0
28 0
28 1
28 1
27 1
27 2
27 2
26 2
25 2
25 3
25 3
25 3
24 3
23 3
22 3
22 4
22 4
22 4
21 4
20 4
20 5
20 5
19 5
19 6
19 6
18 6
17 6
17 7
17 7
16 7
15 7
15 7
15 8
15 8
14 8
13 8
13 9
13 10
13 10
12 10
11 10
11 11
11 11
10 11
10 12
10 12
10 12
10 12
10 12
10 13
10 13
11 13
11 14
11 15
11 16
11 16
11 17
11 17
10 17
10 17
10 17
9 17
8 17
8 18
8 19
8 20
8 20
7 20
7 21
7 22
7 22
7 23
7 23
7 24
7 25
7 25
6 25
6 26
6 27
6 27
6 28
6 28
6 29
6 30
6 31
6 31
6 32
6 32
7 32
8 32
9 32
10 32
10 32
10 33
10 34
10 35
10 36
10 37
10 37
10 37
10 37
10 37
10 37
11 37
12 37
13 37
14 37
15 37
15 37
15 38
15 39
15 40
15 41
15 42
15 42
15 42
15 42
15 42
15 42
16 42
17 42
18 42
19 42
19 42
19 43
19 44
19 45
19 46
19 46
20 46
20 47
20 47
20 47
20 47
20 47
21 47
22 47
23 47
24 47
24 47
24 48
24 49
24 50
24 51
24 51
24 52
24 52
24 52
24 53
24 54
24 55
24 56
24 56
24 57
24 57
24 57
25 57
25 58
25 59
25 60
25 60
26 60
26 61
26 61
27 61
27 62
27 62
28 62
28 63
28 64
28 64
29 64
29 65
29 66
29 66
30 66
30 66
30 67
30 67
30 67
30 68
30 69
30 70
30 71
30 71
30 72
30 72
30 72
29 72
29 72
28 72
27 72
27 73
27 74
27 74
26 74
26 75
26 76
26 76
26 77
26 78
26 78
27 78
27 79
27 79
27 80
27 81
27 81
27 82
27 83
27 84
27 84
26 84
26 85
26 85
26 86
26 86
26 87
26 88
26 88
26 89
26 90
26 90
25 90
25 91
25 91
25 92
25 92
25 92
24 92
24 92
23 92
22 92
21 92
21 93
21 93
20 93
20 94
20 94
19 94
19 95
19 95
18 95
17 95
16 95
16 96
16 96
16 97
16 97
15 97
15 98
15 99
15 100
15 100
15 101
15 101
14 101
14 101
13 101
13 102
13 103
13 103
13 104
13 104
12 104
12 105
12 106
12 106
11 106
11 107
11 107
10 107
10 108
10 109
10 109
9 109
9 110
9 110
8 110
8 111
8 111
7 111
7 112
7 113
7 113
6 113
6 114
6 115
6 115
6 116
6 116
6 117
6 117
5 117
5 118
5 118
5 119
5 120
5 121
5 121
5 121
5 122
5 122
4 122
4 123
4 124
4 125
4 125
3 125
3 126
3 126
2 126
2 127
2 128
2 128
1 128
0 128
0 129
0 130
0 131
0 131
0 131
0 131
0 131
0 132
0 133
0 134
0 135
0 135
0 136
0 136
0 137
0 137
0 138
0 139
0 140
0 141
0 141
0 141
0 141
0 141
1 141
2 141
3 141
3 142
3 143
3 144
3 144
4 144
5 144
5 145
5 146
5 146
5 146
5 147
5 148
5 149
5 149
6 149
6 150
6 150
6 151
6 151
7 151
8 151
9 151
9 152
9 152
10 152
10 153
10 154
10 154
11 154
11 155
11 155
12 155
12 156
12 156
13 156
14 156
14 157
14 157
15 157
15 158
15 159
15 160
15 161
15 161
15 161
15 161
15 162
15 163
15 163
16 163
16 164
16 165
16 165
16 166
16 166
16 167
16 167
16 168
16 169
16 170
16 170
15 170
15 171
15 171
15 171
16 171
16 172
16 173
16 174
16 175
16 175
16 176
16 176
15 176
15 176
15 177
15 177
14 177
14 178
14 179
14 180
14 180
14 181
14 181
14 182
14 182
14 183
14 184
14 185
14 185
13 185
13 186
13 186
13 187
13 188
13 188
13 188
12 188
12 189
12 190
12 191
12 191
12 192
12 193
12 193
12 193
13 193
13 194
13 195
13 196
13 196
13 197
13 198
13 198
13 199
13 199
13 200
13 201
13 201
14 201
14 202
14 202
14 203
14 204
14 205
14 205
14 206
14 206
14 206
14 207
14 208
14 209
14 210
14 210
14 211
14 211
14 211
15 211
15 212
15 213
15 214
15 215
15 215
15 216
15 216
14 216
14 216
15 216
15 217
15 218
15 219
15 220
15 220
14 220
14 221
14 221
15 221
15 221
15 222
15 223
15 224
15 225
15 225
15 226
15 226
15 226
15 227
15 227
16 227
16 228
16 229
16 229
17 229
17 230
17 231
17 231
18 231
18 232
18 232
19 232
19 233
19 234
19 235
19 235
19 236
19 236
19 236
20 236
20 236
21 236
22 236
22 237
22 238
22 238
23 238
24 238
24 239
24 240
24 241
24 241
24 241
25 241
25 242
25 242
26 242
27 242
27 243
27 243
28 243
28 244
28 245
28 246
28 246
29 246
29 246
29 246
30 246
31 246
31 247
31 247
32 247
32 247
33 247
33 248
33 249
33 249
34 249
34 250
34 250
34 251
34 251
34 251
35 251
35 251
36 251
37 251
38 251
38 251
39 251
39 252
39 252
40 252
41 252
41 253
41 253
42 253
42 254
42 255
42 255
43 255
43 256
43 257
43 257
43 258
43 259
43 259
43 260
43 260
43 261
43 261
43 262
43 263
43 264
43 265
43 265
44 265
44 265
43 265
43 266
43 266
43 267
43 268
43 269
43 269
42 269
41 269
41 270
41 270
40 270
40 271
40 272
40 272
39 272
39 273
39 273
38 273
38 274
38 275
38 275
37 275
37 275
38 275
38 276
38 277
38 277
39 277
39 278
39 278
40 278
40 279
40 279
41 279
41 280
41 280
41 281
41 282
41 282
40 282
40 283
40 284
40 284
40 285
40 285
40 286
40 286
40 287
40 288
40 289
40 289
40 290
40 290
40 291
40 291
40 292
40 293
40 294
40 294
40 295
40 295
40 296
40 296
39 296
39 296
38 296
38 297
38 298
38 299
38 299
38 300
38 300
39 300
39 301
39 301
39 301
40 301
41 301
41 302
41 302
42 302
42 302
42 303
42 303
43 303
43 304
43 305
43 305
43 306
43 306
44 306
44 307
44 307
45 307
46 307
46 308
46 308
47 308
47 309
47 310
47 310
48 310
48 311
48 311
49 311
49 312
49 312
50 312
51 312
51 313
51 313
52 313
52 314
52 315
52 315
53 315
53 316
53 316
54 316
54 317
54 317
55 317
55 318
55 318
56 318
56 319
56 320
56 320
57 320
58 320
58 321
58 321
58 321
59 321
60 321
60 322
60 322
61 322
62 322
62 322
63 322
63 323
63 323
64 323
65 323
65 324
65 324
65 325
65 325
66 325
67 325
67 326
67 326
68 326
68 327
68 328
68 328
69 328
69 329
69 329
70 329
70 330
70 330
71 330
71 331
71 332
71 332
71 333
71 333
72 333
72 334
72 335
72 335
72 336
72 336
73 336
73 337
73 337
74 337
75 337
75 338
75 338
76 338
76 339
76 340
76 340
76 341
76 342
76 342
77 342
77 343
77 344
77 344
77 345
77 345
77 345
78 345
78 346
78 347
78 348
78 349
78 350
78 350
78 350
78 350
78 350
78 350
79 350
80 350
81 350
81 351
81 352
81 352
82 352
82 353
82 354
82 354
82 355
82 355
82 355
83 355
83 356
83 357
83 358
83 358
83 359
83 359
83 360
83 360
83 360
83 361
83 361
82 361
82 362
82 363
82 364
82 365
82 365
82 365
82 365
83 365
83 365
84 365
84 366
84 366
85 366
85 367
85 367
85 368
85 368
86 368
86 369
86 370
86 370
86 371
86 371
86 372
86 373
86 373
86 374
86 375
86 375
86 376
86 376
87 376
87 377
87 378
87 379
87 380
87 380
87 380
87 380
87 380
88 380
89 380
89 381
89 382
89 383
89 383
89 384
89 385
89 385
90 385
90 386
90 387
90 387
91 387
92 387
92 388
92 388
93 388
94 388
94 388
95 388
96 388
96 389
96 390
96 390
95 390
94 390
94 391
94 392
94 392
94 392
94 393
94 394
94 395
94 395
94 396
94 397
94 397
94 398
94 398
94 399
94 400
94 400
95 400
95 401
95 402
95 402
95 403
95 403
96 403
96 404
96 405
96 405
96 405
97 405
97 406
97 406
98 406
99 406
99 407
99 407
100 407
101 407
101 408
101 409
101 410
101 410
102 410
102 410
102 410
102 410
103 410
104 410
105 410
106 410
106 410
107 410
107 410
108 410
108 411
108 411
109 411
110 411
110 412
110 412
110 413
110 413
110 414
110 415
110 415
111 415
111 415
112 415
112 416
112 416
113 416
114 416
114 417
114 417
114 418
114 419
114 420
114 420
114 421
114 422
114 422
114 422
114 423
114 424
114 424
114 425
114 426
114 427
114 427
114 427
114 428
114 429
114 429
114 430
114 431
114 432
114 432
114 432
114 433
114 434
114 434
114 435
114 436
114 437
114 437
113 437
113 437
113 438
113 439
113 439
114 439
114 440
114 441
114 442
114 442
114 442
114 443
114 444
114 444
114 445
114 446
114 446
115 446
116 446
116 447
116 448
116 449
116 449
117 449
117 449
117 449
117 450
117 450
116 450
116 451
116 452
116 452
116 453
116 454
116 454
116 454
116 455
116 455
116 456
116 457
116 458
116 458
116 459
116 459
116 459
116 459
117 459
117 460
117 461
117 462
117 463
117 464
117 464
117 464
118 464
119 464
120 464
120 465
120 466
120 466
120 467
120 468
120 468
121 468
121 469
121 469
121 470
121 470
120 470
120 471
120 472
120 473
120 474
120 474
121 474
121 474
121 475
121 475
121 476
121 477
121 477
121 476
121 475
121 474
121 474
121 474
121 474
121 473
121 472
121 471
121 470
121 469
121 469
121 469
121 469
121 468
121 467
121 466
121 465
121 464
121 464
121 464
121 464
122 464
122 463
122 462
122 461
122 460
122 460
122 459
122 459
122 459
122 458
122 457
122 456
122 455
122 455
122 454
122 454
122 453
122 453
122 452
122 451
122 450
122 450
123 450
124 450
125 450
125 450
126 450
126 450
126 450
126 449
126 449
127 449
127 449
127 448
127 447
127 446
127 445
127 445
128 445
129 445
130 445
130 445
131 445
131 445
131 445
131 444
131 444
131 444
131 443
131 442
131 441
131 440
131 440
132 440
133 440
134 440
135 440
135 440
136 440
136 440
136 440
137 440
138 440
139 440
140 440
140 439
140 439
140 439
141 439
141 439
142 439
143 439
143 439
143 438
143 437
143 437
142 437
142 436
142 436
142 435
142 434
142 434
142 433
142 433
141 433
141 432
141 431
141 430
141 430
141 429
141 429
141 429
140 429
140 429
139 429
138 429
138 428
138 427
138 427
137 427
136 427
136 426
136 425
136 424
136 424
136 424
136 424
135 424
134 424
134 423
134 422
134 421
134 421
134 420
134 420
133 420
133 419
133 418
133 417
133 417
132 417
131 417
131 416
131 415
131 415
131 415
131 414
131 414
131 414
130 414
130 413
130 412
130 411
130 410
130 410
130 410
129 410
129 409
129 408
129 408
129 407
129 407
128 407
128 406
128 405
128 405
128 404
128 403
128 402
128 402
128 402
128 401
128 400
128 400
127 400
127 399
127 398
127 398
126 398
126 397
126 396
126 396
125 396
125 396
124 396
124 395
124 395
123 395
123 394
123 393
123 392
123 392
122 392
121 392
121 391
121 390
121 390
121 390
121 390
121 390
120 390
120 389
120 388
120 387
120 386
120 385
120 385
120 385
120 384
120 384
120 383
120 382
120 381
120 381
120 380
120 380
120 379
120 378
120 378
120 377
120 376
120 376
120 375
120 375
119 375
119 374
119 373
119 372
119 372
118 372
117 372
116 372
116 371
116 370
116 370
116 370
116 370
116 369
116 369
116 368
116 367
116 366
116 365
116 365
116 365
115 365
115 364
115 364
114 364
114 363
114 362
114 362
113 362
112 362
112 361
112 360
112 360
112 360
112 359
112 359
111 359
110 359
110 358
110 357
110 356
110 356
109 356
108 356
108 355
108 355
107 355
107 354
107 354
107 353
107 352
107 351
107 350
107 350
107 350
107 350
106 350
106 350
105 350
105 349
105 348
105 347
105 347
104 347
103 347
102 347
102 346
102 345
102 345
102 345
102 344
102 343
102 343
101 343
101 342
101 341
101 340
101 340
101 340
100 340
100 339
100 338
100 338
100 337
100 337
99 337
99 336
99 335
99 335
98 335
98 334
98 334
97 334
97 333
97 332
97 331
97 331
96 331
96 331
96 330
96 330
95 330
95 329
95 328
95 328
95 327
95 327
94 327
94 326
94 325
94 325
94 324
94 323
94 323
94 322
94 322
94 321
94 320
94 320
95 320
95 319
95 318
95 318
95 318
95 317
95 316
95 315
95 315
95 314
95 313
95 313
95 313
95 312
95 311
95 310
95 310
95 309
95 308
95 308
95 307
95 307
95 306
95 305
95 305
95 304
95 303
95 303
95 303
94 303
94 302
94 301
94 300
94 300
94 299
94 298
94 298
94 297
94 297
94 296
94 295
94 295
93 295
93 294
93 294
92 294
92 293
92 293
91 293
91 292
91 291
91 291
91 290
91 290
91 289
91 289
90 289
90 288
90 287
90 287
90 286
90 285
90 285
89 285
89 284
89 283
89 283
89 282
89 282
89 281
89 280
89 280
89 279
89 279
89 278
89 277
89 277
89 276
89 275
89 275
89 274
89 274
89 273
89 272
89 272
89 271
89 270
89 270
90 270
90 269
90 268
90 268
90 268
91 268
91 267
91 266
91 265
91 265
91 264
91 264
90 264
90 263
90 262
90 262
90 261
90 260
90 260
91 260
91 259
91 259
92 259
92 258
92 257
92 257
93 257
93 256
93 256
93 255
93 255
93 255
93 254
93 253
93 252
93 251
93 251
93 250
93 250
93 250
92 250
92 249
92 248
92 247
92 247
92 246
92 246
92 246
92 245
92 245
92 244
92 243
92 242
92 241
92 241
92 241
92 240
92 240
92 239
92 238
92 237
92 236
92 236
92 236
92 235
92 235
92 234
92 233
92 232
92 231
92 231
92 231
92 230
92 230
91 230
91 229
91 228
91 227
91 227
91 226
91 226
92 226
92 225
92 225
92 224
92 223
92 223
93 223
93 222
93 222
94 222
94 221
94 221
95 221
95 220
95 219
95 219
95 218
95 217
95 217
96 217
96 216
96 216
96 215
96 215
97 215
97 214
97 213
97 212
97 211
97 211
97 211
97 211
97 210
97 210
97 209
97 208
97 207
97 206
97 206
97 206
97 206
97 205
97 205
98 205
98 204
98 203
98 202
98 202
99 202
99 201
99 201
100 201
100 200
100 199
100 199
101 199
101 198
101 197
101 196
101 196
102 196
102 196
102 196
102 195
102 195
103 195
103 194
103 193
103 192
103 192
103 191
103 191
103 190
103 190
102 190
102 189
102 188
102 188
101 188
101 187
101 187
101 186
101 186
101 185
101 185
101 184
101 183
101 182
101 182
101 181
101 181
100 181
100 180
100 179
100 179
100 178
100 177
100 177
100 176
100 176
99 176
99 175
99 174
99 174
99 173
99 173
99 172
99 171
99 171
99 170
99 169
99 169
99 168
99 168
99 167
99 166
99 166
99 165
99 164
99 164
98 164
98 163
98 162
98 162
98 161
98 161
98 160
98 160
97 160
97 160
96 160
95 160
95 159
95 158
95 158
95 157
95 156
95 156
94 156
94 155
94 154
94 154
94 153
94 153
94 152
94 151
94 151
94 150
94 150
93 150
92 150
92 149
92 148
92 147
92 146
92 146
92 146
92 146
92 146
92 145
92 144
92 143
92 142
92 142
92 141
92 141
91 141
91 140
91 140
90 140
90 139
90 138
90 138
89 138
89 137
89 136
89 136
89 135
89 134
89 134
88 134
88 133
88 132
88 132
88 131
88 131
88 131
87 131
87 130
87 129
87 128
87 128
87 127
87 126
87 126
87 126
87 126
86 126
86 125
86 124
86 123
86 123
85 123
84 123
83 123
83 122
83 122
83 121
83 121
82 121
82 121
82 121
82 121
83 121
83 120
83 120
84 120
84 119
84 118
84 118
84 117
84 116
84 116
84 115
84 115
84 114
84 113
84 113
84 112
84 111
84 111
83 111
83 110
83 110
83 109
83 108
83 107
83 107
83 106
83 106
83 106
83 106
82 106
81 106
81 105
81 105
80 105
80 104
80 104
79 104
78 104
78 103
78 102
78 102
77 102
77 102
77 101
77 101
77 101
77 100
77 99
77 98
77 97
77 97
77 96
77 96
76 96
76 95
76 94
76 94
75 94
75 94
75 93
75 92
75 91
75 91
74 91
74 90
74 90
73 90
73 89
73 88
73 88
73 87
73 87
73 86
73 86
73 86
72 86
72 85
72 84
72 83
72 82
72 82
72 81
72 81
73 81
73 81
73 80
73 79
73 79
73 78
73 77
73 77
73 76
73 76
73 76
74 76
74 75
74 74
74 73
74 72
74 72
74 72
74 71
74 70
74 70
74 69
74 68
74 68
75 68
75 67
75 67
76 67
76 66
76 65
76 64
76 64
76 63
76 63
77 63
77 62
77 62
77 61
77 61
77 60
77 59
77 58
77 57
77 57
77 57
76 57
76 56
76 55
76 55
76 54
76 54
75 54
75 53
75 52
75 52
75 51
75 50
75 50
75 49
75 48
75 48
75 47
75 47
75 46
75 45
75 45
75 44
75 44
75 43
75 42
75 42
74 42
74 41
74 40
74 40
74 39
74 38
74 37
74 37
73 37
73 37
73 36
73 36
73 35
73 35
72 35
72 34
72 33
72 33
72 32
72 32
72 31
72 30
72 30
71 30
71 29
71 29
70 29
70 28
70 27
70 27
69 27
69 26
69 26
68 26
68 25
68 25
67 25
66 25
66 24
66 24
65 24
65 24
64 24
63 24
63 23
63 23
62 23
62 23
61 23
60 23
59 23
59 22
59 22
58 22
58 22
58 22
57 22
56 22
56 22
55 22
54 22
54 21
54 21
54 21
53 21
53 21
52 21
51 21
51 22
51 22
50 22
49 22
49 23
49 23
49 23
48 23
48 23
48 22
48 22
47 22
46 22
46 21
46 20
46 20
45 20
44 20
44 19
44 19
43 19
42 19
42 18
42 18
42 17
42 17
41 17
41 16
41 15
41 15
40 15
39 15
39 14
39 13
39 12
39 12
39 12
39 12
38 12
38 11
38 11
37 11
37 10
37 9
37 9
37 8
37 7
37 7
36 7
36 6
36 5
36 5
35 5
34 5
34 4
34 3
34 2
34 2
34 2
34 2
34 2
34 2
